Der Adler verlaesst das Nest

013 302 729 000 001 040 822 230 288 000 
895 140 198 642 010 302 739 568 974 000 
022 010 289 000 617 005 586 749
----

Die Tulpen bluehen im Winter

121 450 212 000 578 885 318 493 401 725 
000 020 660 696 023 260 302 284 000 054 
283 000 797 324 824 839 320 594
----

Der Maulwurf verlaesst das Haus

013 023 936 000 832 001 876 354 779 678 
864 510 000 895 410 765 147 001 023 586 
757 389 000 004 001 766 000 413 010 876 
667
----

Der Schneemann steht am Strand

211 410 837 000 919 030 611 194 212 311 
508 010 662 716 000 568 893 131 350 587 
000 001 049 000 874 893 774 100 563 022 
----

Die Drossel singt das Abschiedslied

022 252 122 000 310 918 933 739 991 230 
561 000 397 270 293 124 992 000 022 010 
577 000 100 002 487 012 008 801 122 211 
955 354 414 014 040
----

Die Katze reicht dir ihre Tatze

130 702 401 000 326 010 758 998 401 000 
963 203 252 003 026 749 000 400 126 954 
000 036 080 486 311 000 389 001 749 899 
014
----

Der Karpfen schwimmt Flussaufwaerts

400 311 369 000 047 010 945 682 060 203 
392 000 298 210 305 698 081 049 067 569 
000 006 813 669 964 946 100 498 600 797 
001 302 567 659 487
----

Der Hamster laeuft nach Westen

310 212 648 000 332 010 634 757 893 311 
954 000 282 010 500 885 510 839 000 815 
100 210 251 000 689 032 919 947 320 059 
----

Der Wolf trifft den Hasen

202 041 828 000 878 555 138 213 000 965 
369 441 222 501 389 000 211 041 860 000 
350 001 874 140 329
----

Der Schmetterling fliegt nach Osten  

211 131 873 000 829 210 602 409 500 686 
785 311 909 327 432 752 700 000 024 804 
612 230 241 767 000 176 100 210 125 000 
096 892 299 230 734
----

Petunien bluehen nur im Herbst

682 104 497 759 932 234 122 293 000 002 
840 975 410 107 023 329 000 770 939 864 
000 351 067 000 341 131 396 002 892 893 
----

Die Flunder ist ausgeflogen

031 207 410 000 330 066 894 914 112 050 
783 000 045 478 587 000 100 939 793 007 
410 231 291 483 232 005 446
